035A San Felix          Chile               1987-1997 26170S 080080W 2 00000R MM
035A San  1987 1   9999 31  9999 28  9999 31  9999 30  9999 31  9999 30         
035A San  1987 2   9999 31  9999 31  9999 30  9999 31  1709 06  1717 00         
035A San  1988 1   1763 00  1771 00  1763 00  1743 01  1713 01  1678 00         
035A San  1988 2   1571 00  1559 00  1575 00  1555 04  1602 02  1672 00         
035A San  1989 1   1697 06  1706 00  1729 00  1715 01  9999 10  1606 05         
035A San  1989 2   1653 00  1678 00  1695 00  1713 00  1700 00  1701 00         
035A San  1990 1   1771 00  1735 00  1773 02  1787 00  1705 00  1601 00         
035A San  1990 2   1581 00  1590 00  1545 00  1564 00  1625 00  1633 00         
035A San  1991 1   1637 00  1673 00  1703 00  1652 00  1598 00  1603 00         
035A San  1991 2   1572 00  1638 00  9999 25  1753 00  1719 00  1769 03         
035A San  1992 1   1735 01  1737 00  1746 00  1826 00  1826 00  1845 00         
035A San  1992 2   1813 00  1769 00  1719 00  1718 00  1708 00  1700 02         
035A San  1993 1   1616 00  1648 00  1652 00  1661 00  1677 00  1741 00         
035A San  1993 2   1711 00  1719 00  1721 00  1755 00  1785 00  1768 00         
035A San  1994 1   9999 31  9999 28  9999 31  9999 30  9999 31  9999 30         
035A San  1994 2   9999 31  9999 31  9999 30  9999 31  9999 30  9999 31         
035A San  1995 1   9999 31  9999 28  9999 31  9999 30  9999 31  9999 30         
035A San  1995 2   9999 31  9999 31  9999 30  9999 31  9999 30  9999 31         
035A San  1996 1   9999 31  9999 29  9999 31  9999 30  9999 31  9999 30         
035A San  1996 2   9999 31  9999 31  9999 30  1778 04  1759 00  1805 00         
035A San  1997 1   1779 00  1750 00  1796 00  1862 00  1874 03  9999 20         
035A San  1997 2   1818 00  1808 00  9999 25  9999 31  1794 01  1867 00         
