
000
URNT15 KWBC 132102
NOAA3 0108A CYCLONE            HDOB 07 20070913
205230 1250N 05456W 5482 05146 0255 -012 -110 346003 003 004 000 00
205300 1250N 05454W 5482 05146 0255 -011 -136 336002 003 005 000 00
205330 1250N 05452W 5482 05145 0255 -011 -152 346002 002 004 000 00
205400 1250N 05449W 5482 05145 0255 -013 -137 322003 003 004 000 00
205430 1250N 05447W 5483 05144 0255 -014 -113 323002 003 003 000 03
205500 1250N 05444W 5483 05144 0255 -015 -115 310003 003 004 000 03
205530 1250N 05442W 5482 05146 0256 -011 -143 000003 003 005 000 00
205600 1250N 05439W 5482 05145 0256 -010 -188 356003 003 005 000 00
205630 1250N 05437W 5482 05145 0256 -011 -210 349003 003 005 000 00
205700 1249N 05434W 5483 05145 0256 -011 -221 336003 003 005 000 00
205730 1249N 05432W 5482 05146 0257 -011 -228 328004 004 005 000 00
205800 1249N 05429W 5483 05146 0257 -011 -235 329005 005 005 000 00
205830 1249N 05427W 5483 05146 0257 -011 -238 331005 005 004 000 00
205900 1249N 05424W 5483 05146 0257 -011 -242 339005 005 003 000 00
205930 1249N 05422W 5483 05146 0258 -012 -250 354005 006 004 000 00
210000 1249N 05420W 5483 05146 0257 -012 -256 000005 005 004 000 00
210030 1249N 05417W 5483 05146 0257 -013 -260 351005 006 003 000 00
210100 1249N 05415W 5483 05145 0257 -013 -261 347005 005 003 000 00
210130 1249N 05412W 5483 05145 0257 -014 -260 337005 005 005 000 00
210200 1248N 05410W 5483 05145 0257 -014 -259 339005 005 005 000 00


000
URNT15 KWBC 132102
NOAA3 0108A CYCLONE            HDOB 07 20070913
205230 1250N 05456W 5482 05146 0255 -012 -110 346003 003 004 000 00
205300 1250N 05454W 5482 05146 0255 -011 -136 336002 003 005 000 00
205330 1250N 05452W 5482 05145 0255 -011 -152 346002 002 004 000 00
205400 1250N 05449W 5482 05145 0255 -013 -137 322003 003 004 000 00
205430 1250N 05447W 5483 05144 0255 -014 -113 323002 003 003 000 03
205500 1250N 05444W 5483 05144 0255 -015 -115 310003 003 004 000 03
205530 1250N 05442W 5482 05146 0256 -011 -143 000003 003 005 000 00
205600 1250N 05439W 5482 05145 0256 -010 -188 356003 003 005 000 00
205630 1250N 05437W 5482 05145 0256 -011 -210 349003 003 005 000 00
205700 1249N 05434W 5483 05145 0256 -011 -221 336003 003 005 000 00
205730 1249N 05432W 5482 05146 0257 -011 -228 328004 004 005 000 00
205800 1249N 05429W 5483 05146 0257 -011 -235 329005 005 005 000 00
205830 1249N 05427W 5483 05146 0257 -011 -238 331005 005 004 000 00
205900 1249N 05424W 5483 05146 0257 -011 -242 339005 005 003 000 00
205930 1249N 05422W 5483 05146 0258 -012 -250 354005 006 004 000 00
210000 1249N 05420W 5483 05146 0257 -012 -256 000005 005 004 000 00
210030 1249N 05417W 5483 05146 0257 -013 -260 351005 006 003 000 00
210100 1249N 05415W 5483 05145 0257 -013 -261 347005 005 003 000 00
210130 1249N 05412W 5483 05145 0257 -014 -260 337005 005 005 000 00
210200 1248N 05410W 5483 05145 0257 -014 -259 339005 005 005 000 00


