
000
URNT15 KNHC 290601
AF303 0216A NOEL1              HDOB 14 20071029
055000 1728N 07230W 8463 01493 0052 +164 +000 347000 001 026 000 00
055030 1729N 07231W 8465 01491 0052 +164 +000 346002 002 028 000 00
055100 1730N 07232W 8458 01500 0053 +164 +000 045000 001 029 000 00
055130 1731N 07233W 8463 01495 0055 +159 +000 153001 002 028 000 00
055200 1732N 07235W 8461 01495 0052 +165 +000 093002 003 028 000 00
055230 1733N 07236W 8459 01497 0052 +163 +000 107002 004 027 000 00
055300 1734N 07237W 8459 01498 0052 +164 +000 077003 006 028 001 00
055330 1736N 07239W 8453 01504 0051 +165 +000 096001 002 028 000 03
055400 1737N 07240W 8464 01492 0052 +165 +000 170000 002 026 001 00
055430 1738N 07241W 8461 01495 0051 +167 +000 129005 007 028 000 00
055500 1739N 07242W 8463 01494 0050 +168 +000 144005 006 026 000 00
055530 1740N 07244W 8462 01496 0050 +168 +000 192004 005 026 000 00
055600 1741N 07245W 8460 01496 0050 +170 +000 215004 005 025 000 00
055630 1742N 07246W 8458 01500 0050 +170 +000 224005 006 025 000 03
055700 1743N 07248W 8465 01491 0048 +172 +000 239004 005 021 002 00
055730 1743N 07249W 8458 01501 0047 +174 +000 233005 006 024 001 00
055800 1743N 07251W 8463 01496 0047 +175 +000 239006 006 021 002 03
055830 1742N 07253W 8463 01492 0047 +175 +000 243007 007 024 000 00
055900 1741N 07254W 8459 01497 0046 +174 +000 239006 008 022 000 00
055930 1740N 07255W 8463 01495 0047 +175 +000 251006 008 021 001 00
$$
;

