0 0 1778.143433 14.960136 1.296429
0 1 1783.346313 19.063847 1.640835
0 2 1814.000488 15.006659 1.701735
0 3 1781.685913 15.456070 1.268579
0 4 1802.616455 14.628384 1.295164
0 5 1787.891357 20.128468 2.446410
0 6 1798.751953 15.123552 1.162142
0 7 1796.171997 18.523867 10.712564
1 0 1795.705688 7.589142 1.680816
1 1 1800.956177 7.748809 1.497813
1 2 1805.533813 7.621905 2.177255
1 3 1795.074463 6.471971 1.657089
1 4 1781.584229 6.866692 1.965227
1 5 1788.354614 7.684714 1.346002
1 6 1794.800903 7.697149 1.650770
1 7 1797.731812 7.604386 1.333334
2 0 1765.584473 10.031154 2.712875
2 1 1799.796997 9.827673 2.497298
2 2 1788.701538 9.903145 2.650741
2 3 1792.839478 9.997966 2.295608
2 4 1789.923584 9.883608 2.415871
2 5 1778.715698 15.607287 2.374378
2 6 1801.683350 15.783083 1.971395
2 7 1799.130005 9.647514 2.140759
