 10 10  9  9                            101877.556     0.1000
 10 11  9 10                            101892.557     0.1000
 11 11 10 10                            112063.443     0.1000
 11 12 10 11                            112078.440     0.1000
 13 13 12 12                            132433.041     0.1000
 13 14 12 13                            132448.060     0.1000
 14 14 13 13                            142616.595     0.1000
 14 15 13 14                            142631.584     0.1000
 15 15 14 14                            152799.206     0.1000
 15 16 14 15                            152814.172     0.1000
 16 16 15 15                            162980.808     0.1000
 16 17 15 16                            162995.839     0.1000
 17 17 16 16                            173161.337     0.1000
 17 18 16 17                            173176.328     0.1000
 18 18 17 17                            183340.745     0.1000
 18 19 17 18                            183355.678     0.1000
 19 19 18 18                            193518.946     0.1000
 19 20 18 19                            193533.904     0.1000
 20 20 19 19                            203695.952     0.1000
 20 21 19 20                            203710.802     0.1000
 21 21 20 20                            213871.497     0.1000
 21 22 20 21                            213886.491     0.1000
 22 22 21 21                            224045.684     0.1000
 22 23 21 22                            224060.674     0.1000
 23 23 22 22                            234218.443     0.1000 
 23 24 22 23                            234233.459     0.1000 
 24 24 23 23                            244389.675     0.1000 
 24 25 23 24                            244404.674     0.1000 
 25 25 24 24                            254559.277     0.1000 
 25 26 24 25                            254574.229     0.1000
 26 26 25 25                            264727.276     0.1000
 26 27 25 26                            264742.177     0.1000
 27 27 26 26                            274893.432     0.1000
 27 28 26 27                            274908.361     0.1000
 28 28 27 27                            285057.868     0.1000 
 28 29 27 28                            285072.811     0.1000
 29 29 28 28                            295220.418     0.1000
 29 30 28 29                            295235.384     0.1000
 30 30 29 29                            305381.094     0.1000
 30 31 29 30                            305395.999     0.1000
 31 31 30 30                            315539.740     0.1000
 31 32 30 31                            315554.633     0.1000
 32 32 31 31                            325696.292     0.1000
 32 33 31 32                            325711.326     0.1000
 33 33 32 32                            335850.803     0.1000
 33 34 32 33                            335865.659     0.1000
 34 34 33 33                            346002.999     0.1000
 34 35 33 34                            346018.038     0.1000
 35 35 34 34                            356153.082     0.1000
 35 36 34 35                            356167.920     0.1000
 36 36 35 35                            366300.734     0.1000
 36 37 35 36                            366315.576     0.1000
 37 37 36 36                            376446.022     0.1000
 37 38 36 37                            376460.869     0.1000
